data_20062003_30032003=[0.0
0.0
0.0
0.0
0.0
0.0
0.0
0.0
0.0
2.0
6.0];


data_13122006_10012007=[1.0
0.0
0.4
0.0
0.0
0.0
0.0
0.0
22.6
0.0
20.6
5.8
0.0
0.0
0.0
5.2
0.0
0.0
5.8
10.4
3.4
9.2
0.0
0.2
0.0
8.8
0.0
22.6
0.2];







data_14062013_19062013=[3.8
1.6
0.0
0.2
0.0
0.0];

